0
0
1
2
3
4
5
6
7
8
9
10
11
12
13
14
15
16
17
18
19
20
21
22
23
9
24
1
25
26
20
13
27
9
28
29
30
17
29
31
32
32
33
34
35
36
37
38
39
40
41
36
42
38
35
43
44
45
46
47
39
48
49
32
32
26
50
51
52
53
54
55
56
57
42
58
59
60
61
37
62
9
63
64
9
65
66
26
67
68
9
69
70
26
15
71
72
73
74
75
76
77
78
79
80
81
82
51
9
83
84
85
86
87
88
9
89
90
91
92
26
93
94
95
9
96
97
98
99
100
90
35
101
102
103
104
105
106
107
108
109
110
111
9
112
113
114
115
116
117
118
119
120
121
122
123
124
125
126
9
127
128
116
129
130
131
132
133
134
135
136
137
138
26
139
140
141
142
143
144
131
144
145
146
147
148
149
150
26
151
152
153
87
154
9
149
9
155
9
156
157
158
26
9
159
160
161
158
162
163
164
9
9
9
165
9
166
161
167
9
168
169
170
171
172
173
174
175
176
177
178
74
164
179
9
180
181
182
9
183
26
184
185
183
186
187
188
189
190
26
191
192
193
9
194
195
196
197
9
192
26
198
199
200
201
202
203
204
205
206
26
207
208
68
209
210
211
212
213
214
215
216
217
218
188
125
219
220
221
9
212
222
223
224
26
225
131
226
227
26
228
229
230
231
232
9
233
234
235
236
237
238
161
26
65
239
236
240
204
26
204
174
241
242
243
244
245
246
161
217
204
247
20
248
243
249
74
188
188
250
251
188
252
253
9
243
254
255
256
188
204
257
257
258
51
259
26
260
257
261
262
51
253
61
197
263
61
51
264
265
266
267
268
269
270
225
257
270
271
9
272
273
225
264
274
275
276
277
278
279
280
281
282
283
257
9
284
285
286
287
26
288
289
51
290
291
189
292
189
290
293
176
294
9
295
9
9
296
297
9
161
26
298
299
288
26
300
9
301
302
9
303
304
305
303
306
307
9
308
309
302
161
310
311
312
313
314
315
316
317
318
319
161
320
321
322
304
323
324
325
61
144
326
161
327
61
304
328
329
330
331
332
333
334
18
335
336
337
338
298
298
339
340
341
51
161
342
9
343
161
344
223
9
345
100
200
346
347
51
348
346
349
350
351
351
65
350
352
280
79
353
312
331
354
355
356
357
161
358
359
360
361
348
362
363
364
365
366
367
161
368
369
125
370
9
9
371
14
372
161
373
374
375
376
367
259
363
9
377
378
379
380
161
9
161
381
26
382
383
384
161
367
383
26
9
385
386
9
161
9
367
9
387
388
161
9
305
85
243
389
390
391
392
393
394
395
396
397
398
399
400
401
402
392
403
404
405
406
407
280
408
409
243
410
398
161
243
411
412
161
401
51
413
9
9
414
415
416
417
418
243
419
420
106
421
412
422
9
423
419
424
425
51
426
221
421
427
428
51
429
430
221
431
432
421
433
274
434
435
436
437
189
438
439
433
440
429
441
103
442
9
443
444
445
9
446
447
448
433
449
450
9
451
452
9
453
454
9
9
455
456
457
9
401
161
51
432
51
458
456
401
455
459
189
460
456
74
161
455
461
462
463
464
225
392
465
466
455
467
466
455
468
74
469
470
471
74
472
473
474
475
476
253
68
477
9
280
51
161
478
479
480
481
189
482
483
484
485
486
487
488
489
482
189
259
490
490
103
225
491
492
9
493
211
494
495
189
496
497
498
490
499
395
500
501
502
9
503
504
505
292
506
507
508
509
510
511
292
512
512
513
514
515
516
517
518
9
445
519
520
151
369
161
9
515
189
521
522
523
524
189
525
259
9
9
9
9
526
161
445
527
528
529
530
531
532
161
533
534
535
536
537
538
65
9
539
9
9
9
9
540
9
9
541
542
543
544
545
292
546
547
548
549
9
550
551
485
552
553
554
555
556
206
557
558
552
126
559
9
549
554
126
512
560
9
561
9
562
563
564
554
554
565
566
567
9
568
569
68
565
570
571
125
568
572
567
573
9
247
129
574
575
576
577
578
125
68
579
580
532
477
334
581
582
583
584
247
585
586
587
588
589
590
74
591
65
561
592
9
593
594
125
9
595
596
597
598
599
600
125
9
601
602
74
561
561
603
604
9
9
605
606
541
607
608
609
207
541
610
607
603
611
192
612
612
9
613
614
131
615
616
617
618
125
619
620
68
621
610
622
543
623
9
87
624
625
626
627
628
9
602
103
453
618
253
9
629
630
631
19
632
633
634
635
636
612
637
638
639
9
125
640
9
641
642
639
643
644
645
646
647
648
9
649
9
125
9
125
650
618
651
652
653
603
125
654
655
125
656
657
657
579
658
406
659
638
660
661
662
663
131
664
9
665
666
667
668
669
670
671
672
673
674
598
9
675
676
677
638
678
679
680
681
682
683
109
684
685
686
9
315
9
687
688
689
690
9
691
692
693
694
259
695
9
9
51
9
259
696
697
698
9
9
699
700
701
702
703
9
704
74
259
705
51
706
706
9
707
109
125
9
9
708
412
653
709
710
711
712
713
714
282
715
716
717
718
719
720
721
286
9
722
723
724
138
725
726
727
51
728
729
730
731
732
733
734
723
9
51
735
736
125
9
737
738
568
477
739
106
740
741
742
743
744
745
746
747
748
749
720
750
751
9
9
752
9
753
383
724
532
719
754
755
756
757
51
719
543
758
9
9
9
532
670
453
759
760
761
762
719
763
412
764
760
765
412
766
719
719
767
768
719
769
770
771
125
772
773
774
775
776
770
777
543
778
51
779
780
9
9
781
551
719
782
680
783
125
670
9
784
785
129
559
786
787
788
9
719
789
9
9
790
9
791
280
792
9
74
793
794
795
796
797
719
798
799
125
9
9
800
9
801
9
9
9
9
802
719
803
9
804
9
805
806
807
808
809
810
811
812
9
813
814
815
816
817
818
819
777
820
125
719
821
181
9
822
823
246
824
825
9
280
9
826
9
827
828
9
405
829
830
9
831
832
833
719
834
835
836
181
837
838
719
755
125
9
618
125
839
840
841
842
843
837
405
129
844
9
845
846
847
9
719
9
9
848
849
151
9
9
850
851
852
9
454
9
9
9
9
853
854
719
9
9
855
856
9
857
858
859
860
860
9
861
862
863
864
74
9
9
9
865
866
867
868
860
869
125
870
871
858
872
777
869
9
873
874
875
125
876
877
878
858
873
348
879
880
793
830
881
882
883
884
885
886
125
882
9
887
888
889
9
890
884
787
891
9
892
893
859
894
890
859
885
882
895
896
897
898
899
900
901
902
125
872
9
903
904
777
756
905
9
906
907
908
909
910
911
74
912
913
914
655
915
412
916
125
125
917
918
919
920
756
921
280
922
923
719
924
925
926
19
412
927
723
928
929
103
930
125
931
932
933
934
125
125
393
935
936
937
938
939
787
125
9
9
9
940
941
942
943
915
944
945
125
946
947
915
948
813
949
950
951
952
953
954
9
280
955
956
639
125
957
958
959
639
960
125
961
962
963
9
964
336
965
966
711
967
968
969
639
125
970
929
931
971
972
973
974
975
332
931
976
977
978
554
979
980
981
982
983
673
984
985
951
51
986
9
987
733
568
988
568
9
989
990
991
992
554
993
9
964
91
994
995
986
996
997
998
964
999
1000
151
1001
1002
204
9
9
1003
1004
1005
9
1006
1007
1008
1009
1010
1011
1012
1013
719
1014
9
1004
1015
1004
1016
1017
1018
1019
1020
9
1021
9
1022
91
1023
989
9
9
1021
1024
1019
9
1025
568
1026
787
176
1027
1028
1029
1030
1031
989
9
1032
1033
1034
1035
1036
1037
1038
1039
1040
1041
1042
1043
1044
603
1045
1046
1034
1037
393
1047
1048
971
1049
1050
1051
1052
9
1053
989
1054
9
1055
1049
1056
1057
670
1058
1059
1050
1060
723
9
1061
470
1062
1063
1064
1065
1066
1067
1068
1069
989
886
9
1070
1071
1052
1072
1067
1073
982
1074
1075
1076
258
19
1077
1078
1079
598
1080
1081
9
1082
1083
1083
1084
1085
1086
1087
1088
1089
1090
1091
1092
1093
1094
1095
1096
1097
1098
723
1099
1100
51
9
1101
51
207
1102
1103
1104
285
1105
1106
1107
9
1108
987
1109
1097
1110
1111
1112
1113
1114
103
1115
1116
639
1117
1118
9
1119
1120
9
1121
1122
1123
369
9
1124
639
1125
1126
1127
1128
1129
125
1130
1131
1132
1133
9
1134
1135
1136
1137
125
1138
1139
1140
1141
26
103
532
1142
9
9
1143
1144
9
1145
1146
151
1147
26
1148
1149
1150
1151
1152
1144
1153
1154
1155
1156
9
9
9
9
9
1157
26
9
1158
138
1159
1160
816
1161
1162
1163
26
646
1164
1165
1166
816
816
26
9
1167
1168
670
1169
1170
1171
719
1172
1173
1174
9
1175
1176
1177
1178
1179
65
1180
1181
305
1182
1169
405
1183
1184
1185
1186
1187
1188
1189
670
1190
1191
1192
1193
1194
1174
1118
26
1122
719
1195
966
1196
1197
1198
1199
1200
393
1201
125
1202
1122
1097
1183
383
971
393
1203
1204
1205
1174
966
1206
1207
1208
1209
1210
315
9
1127
26
1211
1212
554
9
315
1213
1214
1215
1216
1217
719
1218
1219
1220
125
9
1221
1222
1223
1211
1224
45
1225
258
258
258
1226
1227
1127
1224
1228
1229
1127
1230
1231
26
1229
1232
1233
1234
1235
1224
1236
1237
1238
1229
1202
1174
1239
1240
1241
1223
1242
1243
1244
1245
26
1246
1127
1247
1248
1249
1250
1251
1252
948
1253
1254
9
719
1255
1256
1257
1258
1259
1260
1261
1262
1261
1261
1263
1264
1261
1257
26
646
1264
1263
1265
1266
1267
1263
1268
0
599
1269
1270
1271
1272
1174
1273
1274
1275
1276
1277
1278
1279
1280
125
1143
211
9
1281
1282
1283
9
1284
1285
1286
1287
9
1288
19
1289
1174
9
1280
1290
1291
125
1292
26
1293
1294
1295
1296
1297
1280
1298
719
1299
1274
1300
1205
568
1301
966
1302
1303
1304
1305
1306
1307
304
1308
532
1309
1310
1250
1311
1312
1313
334
1221
1314
719
1315
9
1031
1316
719
1291
1317
1143
719
1318
125
1319
1320
1321
1322
1323
1322
1324
1325
1326
9
1274
1327
204
1328
1329
1323
1330
1331
1332
1333
1334
719
378
9
650
9
1335
26
1336
1337
719
1338
1339
1322
1340
1341
857
1322
1342
1343
129
1344
1345
1346
1347
1348
1180
9
1349
1350
1351
1352
1353
1349
390
1354
1328
1353
1315
1355
1269
706
706
1356
1357
1358
1359
1360
1342
1359
1268
1361
1362
1363
1327
1359
706
1364
1365
1366
1367
1368
1369
9
1370
1371
1372
1373
1374
1375
1376
1377
1378
1379
1380
1381
1376
1382
1383
1384
1385
1386
1387
1388
1389
1390
1387
1382
1391
719
1392
1393
598
1394
1395
1396
1397
599
568
24
1369
1398
1399
1400
719
1325
1401
9
1402
9
1403
9
1389
1404
1405
1406
1383
9
1407
1408
1409
1410
1383
1404
719
1411
1412
1413
1414
1415
1389
1416
1417
1418
1224
1419
9
1420
1421
1224
719
1422
1423
1424
1425
1426
1427
1428
1429
1430
1431
176
1432
1433
1434
1431
1435
1436
103
1437
9
1438
1439
1433
719
1440
1441
1442
1443
1127
719
1444
1205
1445
1446
1447
1448
1449
1450
1451
1389
1452
1453
1454
1455
1451
106
9
1445
1456
1457
1458
1459
1460
1461
9
1462
1463
1464
1465
719
1466
1467
1468
1469
1459
1470
1471
1472
1459
1459
1473
1474
1475
1476
1475
1477
1478
1462
1479
1480
583
1481
1482
1483
1484
1485
1486
1487
1488
1489
1490
1491
1492
1493
1494
1495
1496
1497
1498
1499
429
1500
1501
1486
1502
1487
334
1503
1504
1473
1505
1506
19
298
9
453
1507
1487
1508
1509
1510
1511
1512
9
9
1508
1513
9
1514
1515
9
1516
1517
1518
1519
1520
1521
1522
1523
1524
1459
1525
1526
1527
1528
1529
1530
1528
1531
1532
1527
1533
85
1459
1534
1535
1536
1537
1538
1330
1539
1540
1330
1541
1542
1543
1544
1545
1546
1547
1548
1549
1550
1551
1552
1553
1554
1555
1510
1127
1554
1556
1557
1554
1558
1558
1559
1560
1561
9
1562
1563
1564
1565
1566
393
1567
1568
1569
1570
1571
1572
1573
1574
1575
1576
887
1493
1577
1578
9
1445
981
1579
807
1580
1581
1582
1583
1584
1584
1384
554
1585
1586
249
1587
1588
1571
1589
1590
1591
1592
1593
1594
1595
1596
981
1597
9
1598
1524
1400
9
1507
9
1599
1600
1601
532
1602
1603
1604
9
1605
1606
211
1607
1031
1608
1609
1610
1611
1612
1613
1614
1615
1616
9
1617
1618
1619
1620
1621
1127
1622
1623
1624
621
1625
1626
1611
1627
1628
1629
1630
1631
1632
1633
1634
1635
1636
1637
1638
1639
755
1640
1641
1642
1643
9
1644
1643
1645
1646
1642
1642
1647
1648
966
1649
1650
1651
1587
1652
1653
1654
197
1655
1656
1657
1658
972
1659
1660
1661
1662
1663
1593
1664
1598
1665
1666
1663
1667
1668
1357
1669
1587
9
1670
1671
621
1672
1025
1673
1642
1646
1674
1675
1676
1677
1678
1679
1680
1681
1682
1683
1684
1685
1598
1587
1686
1687
1598
1688
1587
1685
1689
1690
1587
1691
1587
1692
1693
1694
1695
1696
1697
1621
1698
9
1598
1699
1700
9
1697
1701
1598
1702
9
1703
1704
1705
1031
1706
1621
1707
9
9
1643
1127
1708
1705
1709
1710
632
164
1706
1711
9
1712
1713
1697
1714
164
1715
1642
1716
1717
164
1718
1705
1642
258
1719
1720
1721
1129
1722
1723
1724
1725
655
125
1726
1727
1728
1729
1730
1493
1408
1731
393
1732
125
1722
1705
1733
1720
9
598
1720
1734
9
1735
1736
1697
9
981
1737
9
1738
1739
1740
1031
1741
65
1742
1743
1730
1620
1744
1745
503
1746
9
1747
393
1748
1668
1749
1750
1751
1722
1752
9
1573
1753
1754
9
9
1755
9
1752
1756
1754
9
9
1129
1757
1758
1759
9
1760
9
1043
1761
1031
164
1621
1529
1762
655
1763
1529
1136
111
1764
1567
1765
1766
1764
1767
1768
1769
1770
1286
1771
1052
9
1772
1380
1773
1774
1775
1768
1776
1031
1777
1573
1778
9
1779
91
781
1566
1780
164
258
1781
265
1778
1782
1783
1784
1031
1043
1785
1025
1786
1681
258
164
1787
1788
1789
1790
1791
1770
1792
1793
1025
1794
1795
1796
1797
1798
1799
1800
1801
1025
1802
1803
1804
1805
1806
1807
1808
1770
1809
1032
1810
1811
1812
1770
1813
1814
1770
1815
1785
1816
9
1817
1818
1593
9
1819
1031
966
1615
1820
1500
129
1409
1821
1822
1823
1734
1770
1031
1824
1825
1826
1827
1031
1828
1829
1500
1830
1831
1832
1833
1834
164
1500
1835
1836
1837
1031
1659
164
1833
1566
1031
1838
1839
164
1833
1840
1841
1842
1843
1770
1529
1844
914
1845
1804
106
1846
1847
1848
431
1849
1850
1031
19
1851
1852
1853
1832
1770
1854
1855
1856
1857
1858
1859
1409
1860
1861
9
1268
9
1862
1847
1847
9
1031
1856
1863
130
130
1864
1865
1866
1847
1867
129
1770
9
887
1868
130
1800
813
1510
1869
887
1870
1871
130
1031
1872
813
1873
1670
1874
1875
1876
1877
1770
1878
130
412
9
1878
9
1879
1880
1881
9
527
527
1876
1846
1882
1875
1670
1031
1883
1884
1885
9
1507
9
1770
1886
1887
1888
1889
1890
1891
1770
1889
1031
1892
1893
1031
1892
1892
1894
1770
1895
1770
1896
1897
1898
9
1899
1900
1901
542
1902
1903
1904
1031
191
816
1905
1493
1906
1770
1907
1908
1730
1909
984
816
1031
1910
1031
1911
816
1597
9
191
1912
1913
1914
9
1915
1916
1917
1918
1919
90
1597
1031
962
191
1920
1730
1921
34
9
1922
1770
1923
1924
1529
1925
1926
1566
211
1927
1921
34
1031
1928
545
1642
9
1529
1929
1930
1877
989
1931
1642
1932
34
1031
1933
9
9
65
1934
164
1935
1936
1921
1937
1917
164
1938
1031
1939
1936
1529
1940
1941
1031
1942
1493
1493
1493
1885
1493
1943
1031
34
1944
1945
1946
1947
1948
1949
1950
1951
1952
1953
948
1031
1954
1892
164
1955
1597
1956
9
1337
1920
1840
1957
34
1958
1959
1960
1961
910
1962
1730
9
1963
1031
9
267
9
1964
1965
1966
1967
1968
1921
1969
1921
1970
1971
1921
1972
1973
1974
1730
267
1975
1976
1031
1977
9
34
1978
948
1979
1921
1980
1981
1982
1983
1429
1921
1984
1985
152
1986
1987
1988
1989
948
1978
1602
1031
1990
9
1493
948
1705
1921
1991
1705
1992
1031
1993
288
1994
91
1991
948
129
1031
948
1995
1996
1997
9
9
1998
1921
1999
412
1991
2000
2001
2002
1991
1031
2003
568
1031
711
9
1031
2000
1705
1921
2004
2005
2006
2007
2008
2009
2010
1705
2000
1031
2011
1962
2012
2013
2014
2015
2016
2017
285
2018
2019
2020
1921
2021
2022
2023
416
2024
2025
2026
1844
2027
2028
2029
2023
9
2023
1031
2010
2030
412
2031
14
2032
2033
2034
2035
2036
2037
1989
2038
2039
2010
2005
2032
1857
2040
2005
2041
1031
2042
259
14
14
2043
2035
412
65
1921
2044
1730
2045
2046
2047
1705
1992
2048
762
2049
65
2050
1705
1031
2051
2052
1924
2053
2054
1921
9
141
1781
9
412
2055
2056
2057
2058
2059
2060
948
2053
2061
321
1705
2062
1031
321
2063
2064
2065
481
2066
2067
2068
2069
9
2070
9
2071
2035
412
9
1921
2072
1921
2073
129
719
2074
647
2075
1031
2076
2077
2078
2079
2080
2077
2081
1921
412
9
2082
2083
2084
2085
2085
2086
2087
412
2088
1730
2089
2090
2091
2092
9
960
2089
2093
2094
2095
2096
2097
2098
2099
833
2100
288
1031
2101
2102
2103
412
2104
719
2105
2101
2106
2107
2108
2109
948
412
2110
2111
106
789
9
2112
9
2113
1031
2073
2114
2115
969
2116
2117
1995
2118
2119
412
2120
2121
599
2122
2123
2124
981
197
2125
2126
2127
2110
2128
2129
2130
2131
2132
2133
1031
2134
2135
2136
527
2137
2138
412
2139
2140
2141
9
2142
2143
2140
2144
2039
2145
2146
2147
2148
2149
2149
2137
2150
2151
2152
1031
2153
412
2154
1622
2155
9
2156
2157
9
2158
2159
9
2160
2138
2161
2155
2162
2163
2073
412
2164
1031
1031
711
369
412
2165
2166
2167
2073
295
2168
2169
9
151
2170
2171
412
1031
9
711
2172
9
2173
2174
412
2175
2176
9
9
2177
2178
453
2179
9
2180
2181
2182
2183
2184
412
2185
2186
34
2073
2187
9
2188
1031
2189
2190
966
2191
412
2192
2193
2194
2195
2196
2197
2198
2199
2153
2200
34
2201
9
2162
2197
2202
2162
2203
2204
2198
2194
2205
2206
2096
412
2207
1031
2208
2209
412
711
2210
2211
2197
2094
2212
2213
2214
1573
2215
2216
2217
1573
65
2218
1031
9
2219
2220
2221
74
1573
2222
2223
2209
2224
2225
2223
1844
412
566
2226
2227
2222
2228
2229
2230
2216
2231
412
2232
2233
2229
2234
2235
2236
2237
2233
2216
2238
2239
2240
2241
2242
2243
412
2244
2245
2246
2247
2248
2249
2250
9
2197
2251
9
9
9
2248
2250
9
2252
2250
2253
9
2254
2197
2255
2247
2256
2257
2258
2259
259
2260
2197
621
412
621
621
621
2261
2262
2263
2264
2265
2266
2267
2268
2269
2270
1031
2271
2272
412
2273
1031
2274
1573
288
2275
9
288
65
2276
412
2277
2278
2279
2197
2280
2281
2282
2283
2284
2285
2286
2287
2288
2281
2289
2290
2291
2292
2278
2293
2294
2197
2064
2295
1332
2084
412
65
2189
1031
412
2296
2297
2298
2299
2300
2301
9
2302
2303
1332
2304
2084
2305
2306
9
2307
2308
2309
2310
412
2311
2312
2313
1031
2314
412
2315
2316
2317
948
2318
2319
948
2084
9
2320
2321
2322
711
2323
948
412
2324
2325
2326
2327
2328
2084
2329
1883
1031
9
2330
2331
2332
2333
2334
2335
65
1844
2336
2335
2337
2338
1598
2339
2330
2340
1844
2341
2342
2343
2339
2344
2330
948
2345
2346
2347
412
2084
1862
2348
2349
481
966
1031
9
2350
2351
2352
9
2353
412
2354
2355
2356
2357
1844
2358
2359
2357
2357
2360
2164
2257
2361
948
2362
18
2257
2363
2364
2365
317
2366
2367
2364
151
9
2368
1844
2369
2370
2084
2257
2371
2372
9
2239
2364
2373
2374
1031
2375
1844
2376
1037
2377
2378
2379
2380
9
2381
9
2382
2383
2384
2385
1286
2386
2387
2368
2388
2389
1149
2390
9
9
2391
2364
9
2084
2392
1332
412
1766
259
2393
481
1037
2394
2395
2396
927
65
9
2084
1921
2397
2398
597
1037
2399
2400
2401
26
2402
9
2403
171
1597
2404
2405
2406
2407
2262
2408
2192
2409
2410
2411
2412
2413
2414
2192
2415
2262
2416
2417
9
1868
2262
2418
2419
2418
2420
412
412
2094
2421
9
2422
2423
2424
2425
2426
2234
2234
164
2427
2428
2429
2430
2431
1031
2432
2433
2434
2435
1031
2436
2437
2438
412
777
2439
2440
2441
1821
9
9
9
9
2442
2443
1031
2388
1286
2444
2445
2446
2447
2448
164
2449
532
164
2450
2451
1844
2452
2341
960
2453
412
2454
2455
258
2450
2456
9
2457
1566
2458
2459
2460
206
2461
2462
9
2463
2464
2465
2466
2467
1031
2468
1031
164
412
2469
2470
2471
2472
2025
2473
2474
2475
2476
2477
2431
206
2478
412
106
2479
1597
2201
1286
2431
2480
2475
2481
2482
2450
412
2483
2484
9
2109
2025
2485
2486
2487
9
2488
2489
2490
2491
2492
2493
2494
2495
2496
2025
2497
2498
2499
2500
2501
2502
2503
2504
2234
477
9
9
454
191
2505
2466
2490
2503
1597
2397
2506
9
2507
2508
2509
2510
2511
2512
2513
9
2514
9
2515
2516
981
948
9
1566
2517
2501
2518
9
948
1566
2519
2510
2520
2521
1930
2522
2523
2524
2510
2525
2526
2527
2528
2529
2528
2530
2531
2532
2234
1844
9
2533
2234
2234
2534
9
2535
2525
2536
2537
2538
2519
2539
2540
2515
2541
2542
2543
719
948
981
2544
2545
2528
2546
954
2547
948
2548
2549
259
412
2550
2551
1318
2552
2234
2553
2554
9
2555
2556
2557
9
2549
1597
259
259
348
278
2558
2541
2559
2560
2561
1529
2562
2563
2234
2564
2565
2559
2234
2566
2567
2568
2487
2569
2510
2570
2571
2561
2572
2573
2574
2575
2576
2577
2578
2579
2580
2562
9
2581
2582
2583
1992
9
2584
2234
1597
2133
2585
2586
2587
2588
2589
2590
2591
2592
2593
2594
2595
2596
2597
2598
2580
2109
1699
9
2350
9
2599
9
9
2600
2601
2602
2603
2604
2605
2606
2607
2608
2609
1597
2610
2611
2612
2477
2613
2614
2519
2613
2615
2239
2616
2617
1844
1651
2618
2477
2591
2619
2613
2620
816
2621
2477
2622
2477
2623
2591
2624
2619
2625
2626
2627
2628
9
2519
2629
2397
1651
2477
2477
2630
2631
1651
2109
9
2632
1891
2633
2617
2634
2635
1891
1840
2477
65
2610
2630
2411
2636
382
1844
2411
1844
2637
2638
2639
2109
9
2640
56
2641
2642
2643
2644
259
2645
2640
2646
2647
2648
2519
2649
2650
2651
1186
2652
1891
2653
2654
2596
2637
2655
2109
2654
1844
1357
532
2656
2657
2658
2659
1597
151
2660
2656
2661
2662
2663
2664
2665
2666
2450
2667
2668
1844
1032
2669
2670
9
9
2450
2667
2671
2672
2673
382
2109
2674
1844
9
2675
948
1597
948
9
1715
2676
2677
2262
2678
2677
1844
2613
1651
948
2450
2679
2122
1715
2680
2681
527
2234
2682
969
2621
2683
2684
2450
599
2685
2682
2686
9
2687
2688
9
2689
390
2122
2690
479
550
2450
2691
2692
2615
1844
9
2109
2693
2694
2695
2696
2685
2697
2698
2699
599
2700
2694
1844
948
9
278
91
2615
2701
2702
948
2703
2704
2613
1858
1844
1180
2705
2706
2707
2689
1844
2450
2708
2109
2709
2710
948
1052
91
2646
9
9
2711
568
9
2712
2713
2535
2714
2715
2716
2717
2646
2718
2719
2720
2646
2450
2721
1102
2722
2723
1573
9
9
9
9
2724
2725
2726
2727
2728
2729
2730
2731
2732
2450
2450
2733
2734
550
2735
2736
2737
2519
2738
2739
1598
2740
2741
680
2742
2743
9
2744
2745
2746
9
2747
2630
20
2748
2749
9
2750
20
2751
2752
2753
1651
723
981
2754
1787
2755
730
2755
2756
948
2411
2757
2719
2758
1787
2759
9
9
9
9
2760
2761
2762
2763
9
2764
2765
2766
744
1598
1350
2767
2768
2769
2770
552
2771
2760
2772
2773
2774
1787
321
2775
2776
9
2411
2777
2778
2779
2780
2781
292
9
2782
744
2783
2784
2785
2756
2411
2786
2787
2788
2789
2411
1992
9
2790
1734
2791
2785
9
2792
9
2411
2793
2794
1186
1734
431
2795
2796
2411
2790
2797
2790
1573
2798
2799
1787
2800
2801
1350
2802
1787
2017
2375
2803
1597
2804
2805
1350
2801
1787
2801
2806
2807
9
2808
2802
1103
2809
2810
2811
2812
2813
223
1497
2814
2510
2450
2815
106
2816
2025
2817
2818
647
1573
2810
1573
2790
2819
1573
759
1715
2820
9
1573
2820
2821
2822
9
981
2823
259
2824
1787
2825
2826
2827
9
2828
2829
191
2830
2829
2831
1598
2832
2833
2834
2835
2836
1375
2837
9
2832
2838
9
2839
2840
1597
183
0
2829
2841
2829
2831
948
479
9
2842
1598
2780
1597
2843
2844
9
2845
2846
2847
2848
9
1597
2824
2803
2849
2151
321
981
1294
479
2850
1597
259
2851
981
2852
2853
2843
2854
2855
2856
2857
2858
2859
9
9
9
1597
2860
2803
2829
187
2861
129
2862
1597
2857
2857
2863
2864
2865
2866
2867
9
9
9
2868
2869
2870
2863
2871
2872
2736
2873
2874
2875
259
2868
1905
259
2876
2877
2878
2879
2880
9
2881
2882
2868
2883
2884
877
2482
2874
2773
2885
597
2510
2886
2887
2879
2888
2850
2132
2889
2890
2850
2891
2868
2892
2893
2894
2895
2694
2896
2897
2898
2482
2899
2900
1597
2850
2901
2902
2903
2904
2905
2906
2867
2907
2908
2909
2910
2911
141
2912
2913
2914
9
2915
2912
181
292
2916
2917
2918
2905
2519
1573
2919
9
2920
2921
2922
2912
2923
9
2924
2925
2926
2482
2927
2928
2929
2930
2903
2903
2482
2931
9
2482
9
2931
2932
2933
2934
2935
2931
2912
2912
9
2912
2936
2937
2938
2939
532
962
9
9
9
9
2940
2941
2940
2482
2609
2940
2097
2942
9
2943
2944
2945
2946
2923
968
259
877
981
2947
2948
2949
877
2916
2950
1738
2905
2951
2905
816
877
2752
2948
2952
207
1245
9
1081
968
2953
2954
207
2955
2956
2957
707
2952
962
2948
20
2958
2959
2960
2961
962
2962
2172
2963
2964
1787
954
2647
2963
2965
2242
2966
2967
2968
968
9
2969
2970
2971
2972
2973
2974
2948
981
2975
2086
9
2824
2976
2754
1597
20
2977
2978
2979
1766
954
259
2980
2981
981
2982
2983
2984
968
2985
2982
2986
2987
2988
2989
2990
2991
2992
2955
2992
2133
2993
2994
2995
2996
2997
2981
2981
1787
2998
2999
3000
3001
9
2981
2824
3002
3003
9
3004
527
3005
3006
3007
3008
3009
2981
3010
9
2862
3011
3012
3013
2824
3014
3015
3016
2975
2981
3017
3018
3019
968
2694
3020
3021
9
9
3022
1821
9
3023
3024
3025
3026
3027
2955
1597
2981
3028
3029
2694
191
3030
3031
3032
3033
191
2999
3034
9
3035
3036
1384
1384
3037
1384
191
3038
3039
3040
2510
3038
3041
3042
3043
3044
2993
3045
3046
1597
191
3047
3048
2948
259
3049
2694
9
125
9
3050
2095
9
3051
3052
3053
3054
3055
3056
3057
3051
3058
3059
125
3060
3061
1566
9
9
2550
3062
9
1566
2382
1328
3063
1203
3064
2086
3065
3061
51
3066
3067
3065
3068
2420
390
130
1597
3062
9
2955
118
3069
3070
3071
2054
321
532
3072
3073
3074
948
321
3075
3076
3077
20
3078
3079
3080
3081
3082
2613
3083
3084
3085
3086
20
3087
3088
3079
20
3084
3089
3090
3091
3090
9
3092
3093
9
3094
3095
2955
3096
3097
3098
3099
9
9
3100
479
2852
2852
65
9
3101
3101
2955
3094
2993
9
532
3102
3101
2955
9
3103
9
3091
3098
9
612
9
3104
3105
479
3106
74
1787
1375
2054
1375
1375
3107
3099
3108
3109
3110
183
183
3111
3112
3113
3114
3115
321
2054
321
3116
259
3117
3113
3118
9
3119
3120
1955
183
3121
183
9
321
3122
3123
3124
2054
3125
3126
3127
3128
3129
3130
3131
3132
130
3133
3134
3135
730
1709
3136
931
3137
2122
9
3138
3139
3140
3141
3142
3143
3144
3145
2929
3146
3147
3101
2550
3082
9
3148
3149
183
74
3150
3151
3152
3153
183
568
2016
3154
3155
3156
1734
3157
9
3158
2824
3159
877
3160
3161
3078
3121
3162
3156
3163
2511
259
3164
183
3165
3166
3167
3168
20
3154
3169
3170
3171
3169
3172
3173
9
321
3174
3175
877
9
2609
3176
3153
1615
3154
3177
2122
621
3178
3179
877
9
9
9
621
9
568
3180
3181
3154
3182
3183
3184
3154
3185
223
3186
3187
3186
780
568
3188
3189
3190
3191
321
3192
3193
3184
3189
3040
3186
3194
3195
3196
2929
3197
3198
2961
2242
954
3199
3200
259
3201
3202
3203
3204
3205
3206
1006
3207
3208
3209
2862
3210
9
3149
321
9
259
3211
3189
3212
3213
1973
3214
3215
3216
2929
3217
321
321
9
2640
3218
3219
321
2054
2550
3220
321
3221
3222
321
3223
3224
3225
3226
211
321
9
3227
3228
2640
2576
2054
3229
3217
3230
3231
3232
3233
3234
3235
3236
568
3237
3238
9
91
3239
3240
568
91
1955
877
597
3241
3242
9
3243
1597
3244
9
3243
2929
3245
3246
3247
3248
3249
3250
130
3251
2636
3249
3252
129
3253
3254
3255
3167
1879
3256
3257
568
3258
3254
3259
3260
321
3249
3261
2812
3198
568
877
3167
3262
3263
130
3264
3265
3249
3266
191
321
3267
3268
3269
20
568
3270
3271
9
3272
1821
9
3273
3189
321
3274
3275
3276
3189
3189
9
9
3277
3278
3036
3279
3280
3281
3282
3036
3283
2071
3266
3279
3284
3285
3286
1597
453
568
3287
2035
2812
3288
3289
1597
3290
3291
1597
3292
9
3293
3294
3295
3296
3297
3298
3195
3299
1955
3300
3301
3302
3279
3303
3243
3297
249
3299
3304
550
9
3305
1566
3306
3307
249
3308
3309
3310
3311
3312
3243
3243
3116
3313
3314
3279
3315
3316
3290
3317
3318
9
3319
3320
1566
259
211
3321
3322
1787
3323
3324
3325
3326
3327
3328
3329
3330
3331
3332
3333
3334
3279
3335
1597
877
3329
3336
3337
3338
3279
3339
3340
3341
3342
3343
3344
1730
3345
9
3346
3347
3348
3349
9
3350
3351
1597
862
3352
3279
3353
3354
3355
3356
103
3357
3358
3345
3344
3359
9
3360
942
9
103
2608
3361
3362
3363
3364
3365
2608
2172
2862
3366
3279
3367
3368
3369
3370
3371
3372
3366
3373
3374
3375
3376
3377
3378
3379
2862
3380
3381
2862
3279
3382
3279
3366
3379
3383
3384
2862
3366
3385
580
3386
3243
3382
3387
3369
2862
3382
3336
3388
2172
532
3389
3390
3391
3392
3393
3394
580
3395
3396
3327
3397
3398
3399
3400
3401
3099
3402
3121
597
3403
2172
3404
3029
3405
1597
2608
3406
191
9
3407
3408
2608
2608
3327
3409
3410
3411
3412
3413
3414
3415
2608
3121
3416
3417
532
3418
3012
3419
3413
9
3402
3420
3421
3413
111
3422
9
3121
2608
3036
3423
9
3190
3424
2423
3399
3425
9
9
3426
3427
3428
3414
3402
3429
3430
3431
3432
9
9
914
3036
2608
3433
2608
3434
3435
3436
3437
9
2122
3438
9
9
9
3439
2608
3243
2812
3440
3441
3442
3434
9
9
9
9
3443
3444
9
3445
3446
3434
1597
3447
1992
9
9
3448
3449
3450
597
298
3099
2608
3451
3128
9
3452
9
1597
3453
2996
2824
3454
2993
3455
3099
3456
2993
3457
3458
3459
3452
3460
1469
3461
9
3462
3463
2993
3402
3464
3465
3162
3466
9
3467
3468
9
3469
3470
3471
3472
405
3473
1493
599
3474
3475
3476
3477
3478
2430
3479
9
3453
1270
3480
3481
3482
3483
3484
3485
1102
9
1357
2812
2608
3482
3486
3487
3488
3458
3449
3489
597
3490
3491
2812
3453
2996
3492
3117
3493
680
3494
3495
3496
3497
259
3498
3499
1566
3500
3501
130
3502
3503
3481
3504
3402
680
9
3505
130
3506
2609
3507
2275
680
680
3508
3509
3510
3511
3512
3513
9
3514
130
3515
3516
3517
130
3518
3448
2812
3519
9
9
9
9
3520
9
3521
3522
3523
3524
3525
3526
9
74
3527
1261
3528
3529
3525
74
3530
3485
3513
3531
3532
9
9
3525
3533
185
3481
3534
3535
3012
3536
334
3537
3538
3114
3539
3540
259
3541
3542
3543
3544
3545
3546
3538
3547
3548
3549
3550
3551
3504
3552
1692
3546
485
3540
3543
3553
9
1992
3554
3538
3555
3556
3557
3558
1429
3559
9
1821
9
3560
2609
3561
3562
3563
3564
3565
3566
3567
3568
9
3569
3570
3475
259
3571
3568
3572
1328
181
3190
9
298
181
3488
3573
3574
3575
3576
984
3510
3538
3577
9
3578
885
1010
3579
9
3580
3581
1566
3582
9
1571
3583
3584
9
3585
3586
3587
3588
3589
259
3590
3591
9
3587
3585
3592
3593
3594
3595
1571
3596
3538
3586
3597
3426
3588
3598
259
3599
2609
3584
181
3538
3600
3601
3602
3216
3603
3604
9
1010
3605
3538
3560
9
3606
3607
3608
3609
3610
984
3609
3594
3611
3612
9
259
3613
3489
3614
3615
3616
3617
3618
3619
3620
695
2427
3621
3622
9
3623
3624
3625
278
3626
3627
3628
3629
3630
453
3631
3632
3538
3633
3634
3635
3636
3637
2510
3638
3560
3639
3640
3641
3629
9
9
3642
1573
3643
3602
3644
3645
3533
3646
3647
183
3648
3649
3650
91
3651
3652
3649
1871
3653
3654
3243
3655
3426
3656
1676
3442
278
278
3657
3658
3659
3660
3661
3594
9
259
3350
3662
3663
3664
91
2685
2995
3665
3666
3667
3659
2685
599
3489
3668
3669
1738
3670
3671
3672
3673
3674
3675
3676
1067
9
3677
9
3678
9
711
3667
3679
2995
3680
3681
3682
91
1430
3683
3684
3685
3686
2685
3687
2242
3688
3689
3690
3691
3692
3693
3694
9
3695
2685
3696
3697
3698
3699
3700
1863
3701
2995
9
3702
3703
3704
1566
3692
3705
3706
3707
3708
1566
9
3709
3710
3711
288
1566
1566
485
2609
3712
2685
3713
3713
9
2685
485
2609
288
9
3714
3707
3710
3589
3715
3716
3717
3711
3718
3719
3709
3712
3720
2122
3721
3722
3723
3724
3725
3726
3727
3728
1566
3729
278
9
3730
3731
9
3732
1566
532
2122
132
3727
3725
3197
3722
278
3733
3734
3654
85
3735
3736
3737
3738
1406
3734
3739
3736
85
3740
3741
3742
593
3743
1566
3735
3744
3745
966
3746
3747
3748
3749
3750
3538
3751
621
3752
9
3753
3754
3012
3755
85
3748
103
966
1186
3750
3756
3757
3758
3748
3759
3760
3761
741
3719
3762
3763
3764
3707
3765
453
91
3766
9
3767
9
3768
3769
131
3770
3771
3772
183
3012
3773
3762
3766
3774
3764
3775
3776
3777
3778
3538
3779
3012
3780
3774
3781
3782
3783
3784
3785
3786
1052
635
3779
3787
3788
3789
3790
3774
3012
3791
3685
3792
3793
3794
477
3795
3538
3786
3796
3797
3798
2407
9
3799
3800
3801
3713
3786
3800
9
3802
9
3426
3799
3803
3804
3805
3806
106
3807
3808
3804
9
3796
3797
3798
9
2609
3809
1052
3538
3810
3811
3517
3812
3813
485
3814
3815
3689
9
3816
9
3011
3758
3804
3817
3517
3818
485
3819
3810
3815
3820
3812
3814
3821
3822
3823
3824
3656
3825
9
3680
3826
3827
3828
3829
3830
807
3831
1322
3654
74
3832
3833
3834
3835
3656
3656
2810
3836
3837
2099
3442
3838
3839
3840
3841
485
1052
3415
3842
2799
3843
3774
414
3844
3845
3846
3426
887
2995
3847
485
9
3848
3744
3849
9
9
3850
3851
91
3852
3774
3853
3854
9
3855
532
3856
2799
3857
3858
3859
3860
3861
632
3482
3862
3602
3863
3864
130
3865
3857
3066
3866
3867
2995
3482
3862
3482
3868
9
3862
9
3869
9
9
9
3870
3871
130
3872
3873
9
3874
3875
3863
74
632
3744
3663
1566
3482
3876
877
3877
3878
554
3482
655
3879
3522
3880
9
223
3881
3882
3883
3884
3000
3885
3482
3886
9
9
2995
3887
3888
877
3055
9
3889
3890
3891
9
181
1052
3892
3893
3894
914
3663
3895
3896
2609
3663
3897
1566
3656
3898
3892
3899
3482
3900
3901
3902
3266
3903
3904
9
3482
3905
3906
1052
3907
3669
885
9
9
141
9
3908
453
2158
3909
3482
3656
9
3482
2205
3910
390
18
3482
3911
670
18
3912
877
9
3913
3482
3914
9
18
670
9
3907
1863
3915
3916
3917
3918
1052
3919
3920
3868
3911
3769
877
3921
3266
3922
3402
3872
3922
3068
2543
3923
74
597
670
3602
3924
3925
1052
719
9
3926
3927
3928
1598
3929
3930
141
3931
3932
9
3933
2311
3934
3744
3935
597
126
719
181
3936
670
1709
3937
3927
3928
3938
3939
3940
3941
9
3942
1715
3943
877
3868
3944
3497
3522
3945
670
3946
3924
9
670
3947
3948
877
3924
3949
914
1715
3950
3951
3497
3944
3952
3943
3953
3954
3955
3945
3956
1642
3957
3958
3959
3960
3961
1529
3962
3744
9
3868
3963
1529
3964
3965
3966
1328
3957
3426
3967
1642
2752
3680
2609
3962
3744
3968
3969
3970
3522
3971
3972
3973
3974
3975
9
3976
3977
3978
185
3933
9
9
3979
9
3980
3981
3975
3982
3744
3964
3983
3327
3984
3985
3986
2122
1396
3987
3988
3837
1821
3989
3990
3872
3837
26
3991
3987
2122
3992
3993
9
3994
9
1893
3964
3986
3964
3995
3996
3997
3998
3999
4000
4001
4002
4003
9
382
4004
4005
4006
3986
1216
4007
877
4002
382
4003
4004
3986
9
2609
382
954
9
4008
2109
4009
4010
4011
1930
4012
3602
4013
1715
9
4014
4015
4016
9
132
4017
4018
3602
4019
4020
4021
1270
4022
9
4023
2109
4024
4010
4025
1103
4026
4027
4028
4029
4030
4031
1566
4032
9
4033
4034
4035
4034
4036
3824
4037
3602
4038
4039
4040
4041
4042
4043
4010
4044
4045
1566
4038
4046
4047
2609
4048
4034
4049
4038
3491
4050
130
4051
4052
4053
4054
4055
3602
4056
1715
9
4057
4010
9
3198
887
4053
4058
1715
4056
4059
4060
9
887
4061
4062
4063
4064
4065
4066
9
4067
532
4068
4069
4070
9
453
9
4062
4071
4072
2609
9
4064
3912
2109
4073
4074
4075
4076
4077
3990
4065
4078
4076
4036
4079
4080
4081
4082
4015
4083
4084
4085
4086
3946
532
4087
9
4088
4089
4090
4084
4091
